0.789473684210526
0.789473684210526
0.789473684210526
0.789473684210526
0.789473684210526
0.789473684210526
0.789473684210526
0.789473684210526
0.789473684210526
0.789473684210526
0.789473684210526
0.807017543859649
0.807017543859649
0.807017543859649
0.807017543859649
0.807017543859649
0.807017543859649
0.807017543859649
0.807017543859649
0.807017543859649
0.807017543859649
0.807017543859649
0.807017543859649
0.807017543859649
0.807017543859649
0.807017543859649
0.807017543859649
0.807017543859649
0.807017543859649
0.807017543859649
0.807017543859649
0.807017543859649
0.807017543859649
0.807017543859649
0.807017543859649
0.807017543859649
0.807017543859649
0.807017543859649
0.807017543859649
0.807017543859649
0.807017543859649
0.807017543859649
0.807017543859649
0.807017543859649
0.807017543859649
0.807017543859649
0.807017543859649
0.807017543859649
0.807017543859649
0.807017543859649
0.807017543859649
0.807017543859649
0.807017543859649
0.807017543859649
0.807017543859649
0.807017543859649
0.807017543859649
0.807017543859649
0.807017543859649
0.807017543859649
0.807017543859649
0.807017543859649
0.807017543859649
0
0
0
0
0
0
0
0
0
0
0
0
0
0
0
0
0
0
0
0
0
0
0
0
0
0
0
0
0
0
0
0
0
