0.236842105263158
0.236842105263158
0.236842105263158
0.236842105263158
0.236842105263158
0.236842105263158
0.236842105263158
0.236842105263158
0.236842105263158
0.236842105263158
0.236842105263158
0.236842105263158
0.236842105263158
0.236842105263158
0.236842105263158
0.236842105263158
0.236842105263158
0.236842105263158
0.236842105263158
0.236842105263158
0.236842105263158
0.236842105263158
0.236842105263158
0.236842105263158
0.236842105263158
0.236842105263158
0.236842105263158
0.236842105263158
0.236842105263158
0.236842105263158
0.236842105263158
0.236842105263158
0.236842105263158
0.236842105263158
0.236842105263158
0.236842105263158
0.236842105263158
0.236842105263158
0.236842105263158
0.236842105263158
0.236842105263158
0.236842105263158
0.236842105263158
0.236842105263158
0.236842105263158
0.236842105263158
0.236842105263158
0.236842105263158
0.236842105263158
0.236842105263158
0.236842105263158
0.236842105263158
0.236842105263158
0.236842105263158
0.236842105263158
0.236842105263158
0.236842105263158
0.236842105263158
0.236842105263158
0.236842105263158
0.236842105263158
0.236842105263158
0.236842105263158
0
0
0
0
0
0
0
0
0
0
0
0
0
0
0
0
0
0
0
0
0
0
0
0
0
0
0
0
0
0
0
0
0
