0.429824561403509
0.429824561403509
0.429824561403509
0.429824561403509
0.429824561403509
0.429824561403509
0.429824561403509
0.429824561403509
0.429824561403509
0.429824561403509
0.429824561403509
0.447368421052632
0.447368421052632
0.447368421052632
0.447368421052632
0.447368421052632
0.447368421052632
0.447368421052632
0.447368421052632
0.447368421052632
0.447368421052632
0.447368421052632
0.447368421052632
0.447368421052632
0.447368421052632
0.447368421052632
0.447368421052632
0.447368421052632
0.447368421052632
0.447368421052632
0.447368421052632
0.447368421052632
0.447368421052632
0.447368421052632
0.447368421052632
0.447368421052632
0.447368421052632
0.447368421052632
0.447368421052632
0.447368421052632
0.447368421052632
0.447368421052632
0.447368421052632
0.447368421052632
0.447368421052632
0.447368421052632
0.447368421052632
0.447368421052632
0.447368421052632
0.447368421052632
0.447368421052632
0.447368421052632
0.447368421052632
0.447368421052632
0.447368421052632
0.447368421052632
0.447368421052632
0.447368421052632
0.447368421052632
0.447368421052632
0.447368421052632
0.447368421052632
0.447368421052632
0
0
0
0
0
0
0
0
0
0
0
0
0
0
0
0
0
0
0
0
0
0
0
0
0
0
0
0
0
0
0
0
0
