0.657894736842105
0.657894736842105
0.657894736842105
0.657894736842105
0.657894736842105
0.657894736842105
0.657894736842105
0.657894736842105
0.657894736842105
0.657894736842105
0.657894736842105
0.657894736842105
0.657894736842105
0.657894736842105
0.657894736842105
0.657894736842105
0.657894736842105
0.657894736842105
0.657894736842105
0.657894736842105
0.657894736842105
0.657894736842105
0.657894736842105
0.657894736842105
0.657894736842105
0.657894736842105
0.657894736842105
0.657894736842105
0.657894736842105
0.657894736842105
0.657894736842105
0.657894736842105
0.657894736842105
0.657894736842105
0.657894736842105
0.657894736842105
0.657894736842105
0.657894736842105
0.657894736842105
0.657894736842105
0.657894736842105
0.657894736842105
0.657894736842105
0.657894736842105
0.657894736842105
0.657894736842105
0.657894736842105
0.657894736842105
0.657894736842105
0.673099415204678
0.587085769980507
0.587085769980507
0.587085769980507
0.587085769980507
0.587085769980507
0.587085769980507
0.587085769980507
0.587085769980507
0.587085769980507
0.587085769980507
0.587085769980507
0.587085769980507
0.587085769980507
0.587085769980507
0.587085769980507
0.587085769980507
0.587085769980507
0.587085769980507
0.587085769980507
0.587085769980507
0.587085769980507
0.587085769980507
0.587085769980507
0.587085769980507
0.587085769980507
0.587085769980507
0.587085769980507
0.587085769980507
0.587085769980507
0.587085769980507
0.587085769980507
0.587085769980507
0.587085769980507
0.587085769980507
0.587085769980507
0.587085769980507
0.587085769980507
0.587085769980507
0.587085769980507
0.587085769980507
0.587085769980507
0.587085769980507
0.587085769980507
0.587085769980507
0.587085769980507
0.587085769980507
