0.342105263157895
0.342105263157895
0.342105263157895
0.342105263157895
0.342105263157895
0.342105263157895
0.342105263157895
0.342105263157895
0.342105263157895
0.342105263157895
0.342105263157895
0.342105263157895
0.342105263157895
0.342105263157895
0.342105263157895
0.342105263157895
0.342105263157895
0.342105263157895
0.342105263157895
0.342105263157895
0.342105263157895
0.342105263157895
0.342105263157895
0.342105263157895
0.342105263157895
0.342105263157895
0.342105263157895
0.342105263157895
0.342105263157895
0.342105263157895
0.342105263157895
0.342105263157895
0.342105263157895
0.342105263157895
0.342105263157895
0.342105263157895
0.342105263157895
0.342105263157895
0.342105263157895
0.342105263157895
0.342105263157895
0.342105263157895
0.342105263157895
0.342105263157895
0.342105263157895
0.342105263157895
0.342105263157895
0.342105263157895
0.342105263157895
0.335672514619883
0.386598440545809
0.386598440545809
0.386598440545809
0.386598440545809
0.386598440545809
0.386598440545809
0.386598440545809
0.386598440545809
0.386598440545809
0.386598440545809
0.386598440545809
0.386598440545809
0.386598440545809
0.386598440545809
0.386598440545809
0.386598440545809
0.386598440545809
0.386598440545809
0.386598440545809
0.386598440545809
0.386598440545809
0.386598440545809
0.386598440545809
0.386598440545809
0.386598440545809
0.386598440545809
0.386598440545809
0.386598440545809
0.386598440545809
0.386598440545809
0.386598440545809
0.386598440545809
0.386598440545809
0.386598440545809
0.386598440545809
0.386598440545809
0.386598440545809
0.386598440545809
0.386598440545809
0.386598440545809
0.386598440545809
0.386598440545809
0.386598440545809
0.386598440545809
0.386598440545809
0.386598440545809
