0.191812865497076
0.14537037037037
0.14537037037037
0.14537037037037
0.14537037037037
0.14537037037037
0.14537037037037
0.14537037037037
0.14537037037037
0.14537037037037
0.14537037037037
0.14537037037037
0.14537037037037
0.14537037037037
0.14537037037037
0.14537037037037
0.14537037037037
0.14537037037037
0.14537037037037
0.14537037037037
0.14537037037037
0.14537037037037
0.14537037037037
0.14537037037037
0.14537037037037
0.14537037037037
0.14537037037037
0.14537037037037
0.14537037037037
0.14537037037037
0.14537037037037
0.14537037037037
0.14537037037037
0.14537037037037
0.14537037037037
0.14537037037037
0.14537037037037
0.14537037037037
0.14537037037037
0.14537037037037
0.14537037037037
0.14537037037037
0.14537037037037
0.14537037037037
0.14537037037037
0.14537037037037
0.14537037037037
0
0
0
0
0
0
0
0
0
0
0
0
0
0
0
0
0
0
0
0
0
0
0
0
0
0
0
0
0
0
0
0
0
0
0
0
0
0
0
0
0
0
0
0
0
0
0
0
0
