0.17046783625731
0.149069643806486
0.142386268702058
0.159930128351181
0.159930128351181
0.177473988000304
0.159930128351181
0.159930128351181
0.159930128351181
0.159930128351181
0.159930128351181
0.159930128351181
0.159930128351181
0.159930128351181
0.159930128351181
0.159930128351181
0.159930128351181
0.159930128351181
0.159930128351181
0.159930128351181
0.159930128351181
0.159930128351181
0.159930128351181
0.159930128351181
0.159930128351181
0.159930128351181
0.159930128351181
0.159930128351181
0.159930128351181
0.159930128351181
0.159930128351181
0.159930128351181
0.159930128351181
0.159930128351181
0.159930128351181
0.159930128351181
0.159930128351181
0.159930128351181
0.159930128351181
0.159930128351181
0.159930128351181
0.159930128351181
0.159930128351181
0.159930128351181
0.159930128351181
0.159930128351181
0.159930128351181
0.159930128351181
0.159930128351181
0
0
0
0
0
0
0
0
0
0
0
0
0
0
0
0
0
0
0
0
0
0
0
0
0
0
0
0
0
0
0
0
0
0
0
0
0
0
0
0
0
0
0
0
0
0
0
