0.290058479532164
0.289526847421584
0.313754082175135
0.296210222526012
0.296210222526012
0.278666362876889
0.296210222526012
0.296210222526012
0.296210222526012
0.296210222526012
0.296210222526012
0.296210222526012
0.296210222526012
0.296210222526012
0.296210222526012
0.296210222526012
0.296210222526012
0.296210222526012
0.296210222526012
0.296210222526012
0.296210222526012
0.296210222526012
0.296210222526012
0.296210222526012
0.296210222526012
0.296210222526012
0.296210222526012
0.296210222526012
0.296210222526012
0.296210222526012
0.296210222526012
0.296210222526012
0.296210222526012
0.296210222526012
0.296210222526012
0.296210222526012
0.296210222526012
0.296210222526012
0.296210222526012
0.296210222526012
0.296210222526012
0.296210222526012
0.296210222526012
0.296210222526012
0.296210222526012
0.296210222526012
0.296210222526012
0.296210222526012
0.296210222526012
0
0
0
0
0
0
0
0
0
0
0
0
0
0
0
0
0
0
0
0
0
0
0
0
0
0
0
0
0
0
0
0
0
0
0
0
0
0
0
0
0
0
0
0
0
0
0
