0.56140350877193
0.56140350877193
0.578947368421053
0.578947368421053
0.578947368421053
0.578947368421053
0.578947368421053
0.578947368421053
0.578947368421053
0.578947368421053
0.578947368421053
0.578947368421053
0.578947368421053
0.578947368421053
0.578947368421053
0.578947368421053
0.578947368421053
0.578947368421053
0.578947368421053
0.578947368421053
0.578947368421053
0.578947368421053
0.578947368421053
0.578947368421053
0.578947368421053
0.578947368421053
0.578947368421053
0.578947368421053
0.578947368421053
0.578947368421053
0.578947368421053
0.578947368421053
0.578947368421053
0.578947368421053
0.578947368421053
0.578947368421053
0.578947368421053
0.578947368421053
0.578947368421053
0.578947368421053
0.578947368421053
0.578947368421053
0.578947368421053
0.578947368421053
0.578947368421053
0.578947368421053
0.578947368421053
0.578947368421053
0.578947368421053
0
0
0
0
0
0
0
0
0
0
0
0
0
0
0
0
0
0
0
0
0
0
0
0
0
0
0
0
0
0
0
0
0
0
0
0
0
0
0
0
0
0
0
0
0
0
0
